Chats to clear:
578626395480129572
578626443211177994
578626471656947749
578626503416217610
578626533921390592
578627824198615042
555372625442897930
555372741012881418
555372684565807125
555372554286530581
555372796960702485
574324141402882048
578625609362571285
578625638349668384
578625680405954560
578625724303409153
578625752606441482
578629311884427274
591633159255490580
591633745375789056
591635032540446731
591635128619630603
591638200380817428
591638265711296514
591638319310569479
591638404157145110
591639810628780042
591640141999898634
591640398590377984
591635187566379010
591661514428252180
591718410576986154
591718437307416610
591718437953339394
591641156933124097
591641390778155011
591642446492860416
591642603632459787
591644057197871136
591644161837367309
591644835568549897
591645024383401984
591645307868151808
591645528555651100
591643621166415892
591661448342798376
591719611850948620
591719642620493864
591719660911722499
591640852493762571
